Liam
B 1740948824551 2017 7 12 96 43 28 37 92Noah
G 4232216857618 1999 3 18 100 36 95 4 12William
G 2334113874277 2009 1 22 30 79 17 36 91James
B 2860248650900 1996 5 4 49 30 24 85 55Logan
G 6066184963788 2002 6 12 34 16 40 59 5Benjamin
G 0763615420973 2017 2 17 91 62 37 56 68Mason
B 5412001460717 2017 3 18 54 84 46 10 10Elijah
B 8182660380125 2000 2 25 38 49 84 96 42Oliver
G 2016406189841 2014 10 20 19 39 1 89 28Jacob
B 7838371073496 1995 6 21 50 20 57 99 4Lucas
G 4849925533374 2013 2 1 59 19 81 97 99Michael
G 1989722828907 1998 10 16 89 57 12 3 35Alexander
B 2586265392461 2008 5 22 22 100 58 77 93Ethan
G 9520039181953 2012 4 3 86 89 27 18 58Daniel
B 2294196982554 2009 6 3 46 61 19 54 40Matthew
B 3967997693576 2016 2 9 83 56 35 15 2Aiden
G 6163355328253 1996 8 29 47 83 82 45 97Henry
G 2915036492934 2014 9 6 50 87 14 75 23Joseph
B 8875812574444 2004 8 30 34 71 88 98 19Jackson
G 7303825203729 2007 8 14 25 24 73 62 82Samuel
G 3253512226407 2010 7 15 71 71 36 34 12Sebastian
B 0675004549564 1998 2 2 67 79 94 52 85David
G 8492070607056 2007 10 19 65 10 83 87 66Carter
G 7745798302236 2007 7 26 26 65 61 3 17Wyatt
B 0611173004830 1991 7 30 1 14 59 79 66Jayden
G 7708930747837 1991 4 1 29 94 85 6 41John
G 1456203566676 1997 1 22 70 62 97 23 18Owen
B 2765139959265 2013 1 15 35 55 73 58 70Dylan
B 2373157858324 1991 5 16 60 26 22 71 27Luke
G 4530891347463 1996 10 3 49 82 1 14 42Gabriel
B 5522174823630 2003 7 3 19 11 18 33 13Anthony
G 5910850790534 2011 11 25 59 36 60 93 6Isaac
G 4139582796177 2011 5 11 14 75 2 78 16Grayson
B 3324129087456 2008 1 18 48 5 4 22 64Jack
G 6301904293148 2012 3 6 76 40 4 23 99Julian
B 7481435526892 2019 5 30 45 66 41 46 9Levi
B 8013222703133 2007 7 30 16 66 29 44 48Christopher
G 8379391828018 2004 11 17 91 50 44 31 21Joshua
G 8763565839483 2019 6 17 45 56 19 27 12Andrew
B 5519645425326 2008 4 27 7 74 30 5 6Lincoln
G 6253566144626 2018 1 6 16 32 31 42 26Mateo
G 1760024336282 1993 10 14 35 4 57 49 25Ryan
B 7398008805143 2006 10 30 3 62 90 49 83Jaxon
G 3402319898913 2005 3 15 93 86 14 99 90Nathan
G 2870148193597 1999 4 1 72 65 18 16 56Aaron
B 5092824504405 1991 8 26 80 11 99 74 89Isaiah
G 7269381033848 1990 1 26 75 72 34 68 54Thomas
G 5856908936069 2017 11 10 65 22 6 27 17Charles
B 6667140612149 2005 6 24 25 42 46 63 24Caleb
B 1688277126049 1994 6 21 94 97 53 55 46Josiah
G 8812149824529 1999 1 24 19 67 60 99 87Christian
B 6238262757827 2008 1 13 1 79 100 53 49Hunter
G 2055276787816 2010 6 6 59 30 21 41 61Eli
G 7255214864689 2018 10 16 16 22 76 16 29Jonathan
B 4054721499030 2013 2 21 38 37 38 79 94Connor
G 6441955747340 2008 11 22 86 53 74 53 95Landon
B 6662904931199 2005 11 26 17 51 16 10 65Adrian
B 6349053912881 2008 1 11 23 75 80 11 53Asher
G 2154442504212 2007 7 10 6 96 95 51 44Cameron
G 4122982278583 2019 2 15 87 20 59 46 7Leo
B 6072726471321 1996 6 9 24 83 19 77 21Theodore
G 1260546793478 2008 3 7 84 29 28 27 72Jeremiah
G 7237858587331 1990 5 12 51 50 93 55 70Hudson
B 1573342201277 1990 10 25 82 91 24 38 24Robert
G 9597202867081 1998 9 21 84 87 43 11 73Easton
G 8418375817048 2008 11 24 57 8 79 90 36Nolan
B 5566300882306 2015 11 20 38 93 83 29 53Nicholas
G 9448272584739 2015 2 10 1 13 49 24 52Ezra
G 4310407908140 2007 9 26 84 39 93 94 53Colton
B 1040759051209 1998 8 12 78 74 94 21 98Angel
B 6602898999420 1998 6 9 78 4 71 8 97Brayden
G 4219160336221 1994 5 13 97 61 16 5 100Jordan
B 6082740760129 2003 2 16 22 96 97 17 79Dominic
G 8987079158639 2014 1 4 9 73 44 30 15Austin
G 8513281646779 1996 1 12 70 13 47 94 92Ian
B 5970261762534 1990 5 6 66 14 62 79 79Adam
G 8017505909354 1992 3 13 97 68 23 83 11Elias
B 1175918178669 1999 8 7 87 56 29 15 61Jaxson
B 3783112576216 1991 7 6 48 25 19 36 77Greyson
G 4984325383270 1996 5 1 2 62 100 56 64Jose
G 6315340317903 1995 1 10 82 13 77 82 48Ezekiel
B 0152290518368 2018 7 22 67 97 98 21 95Carson
G 9894987564868 1997 3 1 100 86 87 100 21Evan
G 0135580177467 2000 8 25 32 53 72 69 94Maverick
B 5714768230278 2018 8 30 48 82 94 85 88Bryson
G 1371275344551 1994 2 13 7 57 44 94 81Jace
G 0813816980139 2013 6 14 37 96 66 75 21Cooper
B 5065518962250 2015 3 26 63 81 37 98 3Xavier
G 8006830643705 1992 4 18 56 67 42 89 82Parker
G 8565926523212 1992 9 9 69 18 15 51 91Roman
B 5995309951112 2013 10 20 88 43 54 84 21Jason
B 4843924905747 2016 10 24 41 80 91 89 11Santiago
G 1510395896257 2006 5 19 36 80 94 91 63Chase
B 5157794178578 2008 6 23 64 29 65 2 24Sawyer
G 0417721313151 2005 10 16 42 23 13 52 16Gavin
G 5389284275840 2009 11 5 24 26 79 25 82Leonardo
B 0334067556098 1993 9 28 10 31 25 9 38Kayden
G 4023541664529 2011 7 25 80 80 84 68 37Ayden
B 5878977165013 2002 3 21 76 8 85 75 20Jameson
B 0611904219709 2003 7 24 82 4 6 77 80Kevin
G 5988395136288 2001 2 9 92 24 44 35 44Bentley
G 9272176173060 2012 4 27 11 78 83 61 90Zachary
B 5432560881575 2007 1 13 64 48 3 18 100Everett
G 3638106876512 2019 1 27 32 96 45 92 4Axel
G 8509213352904 2008 11 8 34 94 91 4 51Tyler
B 3211081872892 2003 5 13 69 23 96 36 9Micah
G 1249882717950 2013 5 1 62 86 74 5 63Vincent
G 3294924904498 1995 8 23 74 71 32 48 12Weston
B 9883293328340 2002 3 12 93 52 81 78 17Miles
G 6805889573222 2000 4 3 74 42 87 89 18Wesley
G 7287959291308 1991 4 23 31 73 65 8 96Nathaniel
B 8100716930373 2000 2 4 83 4 62 91 63Harrison
B 7713070363195 2006 4 6 2 41 10 98 84Brandon
G 0815171794980 2010 9 29 6 41 29 60 23Cole
B 8085147361680 2008 5 16 18 72 61 53 59Declan
G 3556149383233 2007 10 1 12 95 69 28 99Luis
G 9897919589693 1993 5 5 62 35 86 68 17Braxton
B 3463834278901 2004 9 28 44 5 100 75 96Damian
G 6898997084569 2003 4 13 41 71 77 96 42Silas
B 6197350065182 1997 8 25 66 73 33 86 29Tristan
B 6983550581507 2013 11 12 76 37 35 2 38Ryder
G 0406105525832 2007 5 6 63 18 93 40 48Bennett
G 6315989549525 2012 8 4 81 39 98 43 9George
B 3754182968981 2006 5 28 76 25 82 1 62Emmett
G 2285467734491 1998 4 29 78 20 58 42 92Justin
G 4352915567902 2013 9 10 49 28 99 25 25Kai
B 4358029498350 2004 4 6 13 66 68 8 78Max
G 4404115402868 2011 10 8 77 55 70 9 28Diego
G 3862809804968 2002 7 25 88 40 75 21 28Luca
B 4818221466938 2011 11 17 5 86 43 43 61Ryker
G 1038733145612 1991 3 22 39 71 25 8 8Carlos
G 4119810325032 2012 7 14 74 67 52 76 29Maxwell
B 2193972132092 1997 11 26 41 84 63 10 8Kingston
B 8011474399676 2012 2 30 67 23 84 61 54Ivan
G 5196792756824 2006 9 11 20 32 39 68 77Maddox
B 8403796227307 2013 9 28 44 77 15 27 18Juan
G 4012446345020 2011 1 20 44 78 90 62 86Ashton
G 2441346887034 2014 2 8 82 19 12 93 92Jayce
B 2311108910977 2014 1 2 37 68 29 54 10Rowan
G 3139637520717 1990 8 28 72 78 46 65 39Kaiden
B 1752175310005 2010 7 28 99 87 5 90 32Giovanni
B 4808997999606 2013 8 11 94 7 50 55 73Eric
G 0443691891186 1993 11 21 30 62 61 9 83Jesus
G 2689778930563 1999 6 8 35 54 36 59 94Calvin
B 3361047427157 1992 8 18 31 14 97 11 90Abel
G 8964029032247 2007 6 6 14 12 14 94 65King
G 3521698841457 2013 4 3 28 78 18 41 43Camden
B 0086450157327 1999 6 12 55 81 54 94 22Amir
G 5830510251040 1996 4 29 40 66 97 13 63Blake
G 2174786002139 2012 4 22 76 5 51 27 67Alex
B 8133105893898 2014 1 20 70 67 80 78 38Brody
G 2523283385788 2001 2 16 82 3 11 29 57Malachi
G 5539535485035 2010 2 25 34 86 49 82 33Emmanuel
B 6022165017738 1993 3 12 4 43 12 80 35Jonah
B 2301486613879 2014 11 14 36 25 95 83 68Beau
G 7566907098673 2012 9 2 26 44 96 17 16Jude
B 4681585332876 2019 11 25 47 44 23 12 81Antonio
G 5870037346201 2011 4 6 14 25 30 96 4Alan
G 4377091540071 1992 5 18 18 4 44 94 40Elliott
B 1588802443367 2006 2 12 5 39 72 87 6Elliot
G 9687191676371 2012 4 10 45 98 2 29 43Waylon
B 4881620485944 1994 10 10 15 96 4 33 52Xander
B 7431907384269 2018 5 28 25 69 28 49 94Timothy
G 2193744435132 2008 11 20 91 94 75 50 75Victor
G 4398538123898 1995 6 1 7 72 69 22 59Bryce
B 7728236696513 1998 3 28 37 92 7 11 14Finn
G 1043158954574 2004 10 8 28 56 3 87 69Brantley
G 8919805029602 2012 1 23 37 78 54 77 71Edward
B 5217115326681 2015 3 27 40 45 57 27 3Abraham
G 8816878979058 2012 10 10 78 92 48 86 32Patrick
G 6449961556075 1990 2 30 6 87 89 76 44Grant
B 7075230498580 2000 3 28 8 55 5 38 86Karter
G 9232231973043 1997 4 1 69 9 42 33 38Hayden
G 4919362072005 2003 1 8 78 75 35 54 34Richard
B 8644592442425 2003 1 24 85 61 23 54 98Miguel
B 2077617567908 2015 9 5 93 26 97 56 29Joel
G 8285276733569 1994 11 6 40 7 10 93 100Gael
B 5617837269100 1994 7 17 24 67 45 37 38Tucker
G 6391475005588 2006 6 9 42 26 37 81 17Rhett
G 0478640341004 2013 9 2 71 46 7 89 57Avery
B 7678945102867 1990 8 28 35 47 63 3 40Steven
G 6564069629126 2004 10 21 39 13 45 62 81Graham
B 0361798029897 2014 7 8 76 14 10 72 43Kaleb
B 9611498697482 1995 7 3 66 17 82 80 24Jasper
G 7132068993911 1993 9 9 13 85 60 2 75Jesse
G 3949521672518 2010 2 26 88 25 23 40 42Matteo
B 8448128467315 2008 7 25 53 47 57 25 67Dean
G 1404667581151 1991 1 1 18 17 44 25 65Zayden
G 5726562965321 2006 4 5 50 51 6 47 26Preston
B 0653326606200 2015 4 11 16 37 62 61 85August
G 9402664072668 1995 1 1 51 83 22 94 39Oscar
G 4350870535630 2002 5 20 84 18 30 54 80Jeremy
B 3025118337467 2011 9 15 67 32 43 99 23Alejandro
G 5778420650560 2017 2 5 95 85 71 16 1Marcus
G 6626317555489 2019 5 12 93 98 98 10 53Dawson
B 1829799006425 2003 5 12 100 68 9 45 70Lorenzo
B 1987969564744 2018 6 26 82 15 50 69 39Messiah
G 7345775133796 2015 4 5 31 53 5 80 89Zion
B 0426156105048 1997 9 29 82 48 43 19 71Maximus
G 1191032322818 1997 1 27 23 87 95 78 45River
G 3705437380568 2002 1 19 2 43 77 7 3Zane
B 4302051058013 2008 8 9 85 46 88 63 44Mark
G 8916221385668 1999 11 26 98 47 70 76 18Brooks
B 7002593037615 2002 9 10 86 14 36 36 84Nicolas
B 6685210268962 1995 7 29 97 87 12 77 48Paxton
G 1252492700490 1998 6 21 11 92 68 34 76Judah
G 6950662367525 2016 10 27 38 99 27 65 86Emiliano
B 5800442286509 2009 11 4 39 18 22 46 92Kaden
G 9985231073885 2009 3 30 64 72 42 60 32Bryan
G 2468089504686 2017 7 24 72 28 74 62 74Kyle
B 4277336553609 2015 2 24 24 53 80 20 27Myles
G 3551471799652 2012 3 8 91 60 58 87 10Peter
G 5699358189618 1994 11 4 75 17 25 12 86Charlie
B 2175483852313 2002 2 21 81 9 6 3 59Kyrie
G 8710863222708 2004 6 5 84 65 65 15 47Thiago
G 0553721908880 2009 5 17 88 9 27 26 60Brian
B 8054676401884 2009 2 27 95 91 90 73 20Kenneth
B 1243997766793 2009 9 6 45 37 70 79 77Andres
G 8267586824356 1996 11 17 25 30 43 85 73Lukas
B 9662256529574 2004 7 15 100 23 22 34 14Aidan
G 7330545128560 2001 1 10 73 78 94 9 55Jax
G 2676302939922 1992 1 25 30 35 39 75 27Caden
B 3428337837591 2004 5 12 8 77 73 46 93Milo
G 2861559626890 2006 2 11 27 7 84 46 75Paul
B 1884473243251 1992 2 10 36 91 47 29 56Beckett
B 4191923222917 2015 1 20 60 29 40 29 81Brady
G 1806845508605 1994 2 13 80 94 83 6 37Colin
G 3572854892868 1998 1 26 60 70 45 63 70Omar
B 9878313066340 2018 6 28 97 67 31 66 53Bradley
G 0736879480857 2012 9 3 70 63 71 12 36Javier
G 0140057477528 2003 11 10 38 89 70 87 31Knox
B 9019160143479 1996 9 11 58 6 66 35 50Jaden
G 4209733770531 2012 2 25 73 35 17 51 94Barrett
G 5271149659878 2004 8 23 100 21 36 99 93Israel
B 6296983957012 2010 7 17 96 87 4 53 19Matias
G 5588019456771 1998 11 27 34 94 69 74 36Jorge
G 9611943919260 2017 4 30 24 89 68 84 1Zander
B 8683068539860 2005 8 4 89 20 47 91 76Derek
B 9917548841170 1992 4 27 39 59 81 86 14Josue
G 4375606109879 1995 10 28 52 32 18 34 72Cayden
B 6914270864970 2001 6 12 32 50 40 100 76Holden
G 9356143954550 2013 8 13 53 25 74 41 56Griffin
G 8030654088481 1997 4 29 91 100 81 71 91Arthur
B 2045421684666 2002 8 29 66 13 48 47 60Leon
G 2160760055844 2013 3 17 64 17 59 35 2Felix
B 1554292405760 2004 3 18 96 26 30 52 89Remington
B 4465104995875 2004 4 7 21 33 67 23 58Jake
G 3159598974084 2017 4 11 19 49 57 91 83Killian
G 3913793312562 1990 5 12 18 8 21 46 67Clayton
B 1226105533125 2007 3 2 68 22 53 23 29Sean
G 0949314143048 1997 9 13 59 3 54 50 59Adriel
G 5083515837160 2019 4 6 44 32 75 3 1Riley
B 1590426052423 2008 3 21 46 24 43 60 88Archer
G 3749888097307 2016 1 23 45 43 49 37 54Legend
G 9835109625485 2013 8 18 51 49 71 95 17Erick
B 9685222178599 2012 11 27 20 36 41 67 33Enzo
G 5231610221035 2015 3 11 29 71 22 97 5Corbin
G 4909251402151 2016 7 1 59 73 96 7 15Francisco
B 2452115051723 2007 7 1 80 69 75 85 30Dallas
B 5051240601993 1997 8 16 57 41 49 56 8Emilio
G 9102690959911 2004 2 6 2 84 70 89 65Gunner
B 3440174175095 1998 1 3 28 61 40 67 38Simon
G 8848513514724 1996 1 29 22 85 89 67 17Andre
G 6097993414076 2002 4 29 67 73 94 59 80Walter
B 3737641303202 1993 1 24 58 66 33 81 68Damien
G 6086894393300 2017 2 18 83 94 88 64 62Chance
B 5918183888472 2011 5 17 68 61 99 44 35Phoenix
B 1922113511081 1992 8 15 36 1 56 56 24Colt
G 0890728059891 2001 11 4 38 50 1 8 35Tanner
G 4721462711258 2015 10 5 27 79 46 29 6Stephen
B 9721972352796 1995 2 9 4 16 48 74 66Kameron
G 9791038286156 1999 6 19 60 53 90 59 39Tobias
G 4286173149759 1998 7 6 36 93 33 77 68Manuel
B 3794724937421 1999 7 8 100 90 75 37 13Amari
G 7731297126637 1994 8 13 46 77 25 82 96Emerson
G 3232929795942 2019 4 13 46 94 72 50 91Louis
B 4759088285441 2004 11 26 90 82 75 60 51Cody
G 6073118603168 2014 4 6 3 47 21 55 54Finley
G 0695635285065 2016 1 13 83 16 6 27 2Iker
B 3603014370925 2002 8 9 75 53 49 36 39Martin
B 2722039101544 2015 6 10 83 87 20 51 94Rafael
G 5688956914207 2008 3 29 52 89 64 54 6Nash
B 1725158240815 1993 5 6 19 36 38 100 100Beckham
G 2441692685201 2012 6 13 50 78 27 49 79Cash
G 7854591006187 2011 5 22 11 58 78 10 4Karson
B 6034496598038 2006 8 4 32 5 84 92 23Rylan
G 0748493971573 1992 7 6 50 18 10 44 68Reid
B 5019846213907 2002 5 21 60 43 41 90 95Theo
B 2066461364589 2007 1 5 82 47 58 86 15Ace
G 0233223989397 2005 2 23 40 36 49 80 8Eduardo
G 0410382732356 1990 11 3 40 7 77 25 53Spencer
B 7596076150257 2008 9 22 30 83 6 63 90Raymond
G 3022609251654 2017 11 10 83 52 70 38 2Maximiliano
G 6431755529083 1999 9 3 25 75 83 76 16Anderson
B 3628412669143 1994 2 29 5 34 69 85 18Ronan
G 4646638061169 1990 3 19 52 82 72 26 29Lane
G 3490819387470 2017 5 4 90 63 37 30 89Cristian
B 9517007126943 1990 2 3 93 44 64 24 12Titus
G 0230992656634 2018 1 9 39 24 6 12 94Travis
G 7374061946243 2000 4 24 36 29 34 38 35Jett
B 7123908286078 1991 11 6 2 35 71 56 8Ricardo
B 9053948438807 2014 9 14 53 71 79 67 5Bodhi
G 6977792556764 2015 8 27 83 36 94 37 47Gideon
B 8634915444396 1997 2 28 27 44 45 93 62Jaiden
G 9596118360690 2009 5 17 60 4 7 92 94Fernando
G 6307527953316 2019 6 29 44 89 98 12 92Mario
B 4357017865169 2009 8 22 13 10 36 64 31Conor
G 4632895008185 2007 9 15 98 55 4 95 63Keegan
B 5402494638891 1999 4 23 81 17 91 99 59Ali
B 0312495529829 1990 8 7 28 45 23 37 74Cesar
G 4361141292609 2008 9 16 3 11 28 75 61Ellis
G 9253582468317 1998 7 13 76 51 79 56 94Jayceon
B 0619517403908 2013 5 29 22 65 4 55 23Walker
G 6465482098214 2010 3 3 55 53 51 17 27Cohen
G 6271197251308 2019 3 15 22 7 87 88 72Arlo
B 0283312631545 2013 5 5 38 54 85 34 73Hector
G 1407897031361 2010 7 24 54 12 94 33 52Dante
G 4962492219009 2015 9 26 12 18 12 64 22Kyler
B 6530342436259 2003 8 7 44 30 52 71 96Garrett
G 8190548848387 2005 4 13 16 81 22 26 53Donovan
G 4624554949296 2019 7 14 31 47 33 84 74Seth
B 9057099017934 2011 11 26 14 35 100 38 16Jeffrey
B 4813637151102 2015 1 2 61 68 74 35 34Tyson
G 1187905921203 1994 11 1 11 92 79 44 62Jase
B 1883359283459 2010 3 3 45 56 60 69 86Desmond
G 1876759431054 2006 11 19 32 22 18 25 85Caiden
G 5429079470564 2009 6 26 16 22 3 42 5Gage
B 3321949355061 2007 4 22 87 63 91 85 7Atlas
G 8296819639875 1993 7 21 26 35 22 34 36Major
B 7378428041658 1993 4 3 22 20 8 72 23Devin
B 1121356015308 2005 3 13 83 77 58 90 93Edwin
G 9612100800598 2001 8 15 34 71 83 1 61Angelo
G 4196539748940 2008 9 28 26 7 11 64 49Orion
B 0949354786147 2013 11 8 81 86 65 35 77Conner
G 5847875217769 2004 3 24 2 42 5 30 16Julius
G 5023969881360 1990 7 6 25 79 88 85 30Marco
B 9838521531673 1990 1 23 83 32 36 91 13Jensen
G 6283674537788 2004 5 24 46 29 60 84 22Daxton
G 7093357364940 2010 4 8 69 57 86 93 23Peyton
B 3537910509365 2015 10 7 82 40 100 2 8Zayn
G 5947503203885 2009 8 11 44 58 58 20 76Collin
G 9068769091798 2015 6 11 15 11 56 33 66Jaylen
B 8074934011471 1990 7 5 84 99 41 32 71Dakota
B 4535942708230 2001 1 6 18 46 22 19 6Prince
G 3160848757550 1992 5 19 91 25 80 66 55Johnny
B 1247902247701 2007 11 18 69 66 22 56 28Kayson
G 4372922525040 2018 11 15 35 34 4 26 23Cruz
G 2050432688156 2002 3 9 20 52 42 16 77Hendrix
B 8187199204128 2010 1 25 7 81 91 24 100Atticus
G 8545448098970 2009 10 25 20 33 41 89 71Troy
B 7302507027900 2016 2 12 6 52 83 40 68Kane
B 0636367663324 2018 10 28 62 10 21 87 28Edgar
G 1338179130183 1990 6 25 67 48 14 23 46Sergio
G 4827936546419 1998 7 7 61 92 74 66 6Kash
B 6868246533948 2009 3 21 62 16 26 30 95Marshall
G 7509014132986 1993 7 10 56 62 52 11 78Johnathan
G 6922469323418 1990 7 17 99 50 46 98 67Romeo
B 3821454091185 2015 4 25 34 1 100 68 98Shane
G 9119847925994 2007 6 9 28 95 50 97 43Warren
G 3671881348488 2015 1 15 22 61 12 23 52Joaquin
B 0205010870525 2004 3 25 93 10 39 6 67Wade
G 6104166531462 2019 9 27 28 8 88 28 21Leonel
G 5770337315178 2010 1 2 30 54 31 9 31Trevor
B 8210638549415 2018 7 9 86 79 2 72 6Dominick
B 1629170542768 2002 2 20 96 99 52 19 74Muhammad
G 7935830956938 1999 3 22 68 4 67 39 27Erik
B 3260870481813 1998 6 29 20 46 2 90 17Odin
G 6955281627880 2005 10 20 70 8 54 14 57Quinn
G 5383926659149 1998 3 15 15 13 8 23 28Jaxton
B 2098162274839 1998 8 27 69 47 59 38 46Dalton
G 8757173709692 2002 6 2 77 92 26 46 100Nehemiah
B 6467268692884 1994 10 18 50 20 69 75 2Frank
B 1567320889313 1996 11 1 32 36 33 83 83Grady
G 0427183349633 2002 2 7 26 53 13 25 46Gregory
G 6238578110003 2007 4 7 98 19 19 78 82Andy
B 5231664219728 2012 11 13 37 21 18 30 25Solomon
G 1861078951841 2016 2 18 46 68 40 64 1Malik
G 4495074964755 2018 11 11 83 12 38 71 63Rory
B 1812660811828 2010 6 29 46 43 39 61 74Clark
G 7354325451884 2000 9 19 33 20 38 67 33Reed
G 2417421429470 1993 11 7 12 98 38 3 16Harvey
B 3779138247222 2007 10 12 9 19 52 78 24Zayne
G 2109157891737 1998 2 5 47 76 83 32 40Jay
G 9972602510010 2009 3 5 52 6 41 90 26Jared
B 2430016871702 1997 10 27 15 6 50 7 11Noel
B 5585433637627 1999 5 18 26 1 49 76 31Shawn
G 7366251703725 2004 11 25 47 91 37 48 6Fabian
B 7881692238211 1996 7 8 9 47 59 33 64Ibrahim
G 7119707904077 1999 6 10 39 82 99 93 22Adonis
G 7336931648851 1991 9 4 67 100 57 10 67Ismael
B 8954842686331 2016 7 7 50 23 61 84 74Pedro
G 6664860069878 2014 6 18 79 31 22 92 91Leland
B 3497032705229 2010 8 6 6 27 88 64 80Malakai
B 6859660362138 1997 5 20 100 98 96 43 53Malcolm
G 7035526527095 2015 10 8 28 4 77 66 76Alexis
G 6135306173843 1994 7 15 9 36 3 36 42Kason
B 6304472461666 2003 1 12 77 6 66 7 99Porter
G 8914704555475 1992 6 19 61 83 87 96 23Sullivan
G 5899863001386 2018 2 3 66 20 28 72 15Raiden
B 2098176565335 2006 2 16 46 28 81 32 81Allen
G 3731349602198 2018 8 18 26 61 70 81 24Ari
G 7252357790114 2004 7 20 6 57 25 18 57Russell
B 8000867833826 2003 9 6 17 58 81 67 62Princeton
G 1395013886797 2000 3 21 42 65 67 75 93Winston
G 8226879293860 2016 7 9 9 87 38 4 24Kendrick
B 1150403444249 1991 4 18 2 3 24 39 62Roberto
B 4150266073720 1990 6 16 90 70 92 40 36Lennox
G 6939347565267 2012 1 19 9 73 9 91 58Hayes
B 7166674075133 2019 9 23 30 41 28 41 87Finnegan
G 3730059112220 1995 5 9 89 52 53 58 66Nasir
G 5012087209730 2006 1 14 100 33 50 74 44Kade
B 3466540225395 2017 10 20 35 37 24 45 83Nico
G 0569852899237 1990 8 14 91 22 37 78 96Emanuel
B 6390636571110 2006 7 29 79 98 35 89 100Landen
B 0956524870838 2007 11 9 83 18 66 7 21Moises
G 2427636864530 2018 7 30 9 89 83 22 17Ruben
G 3260628862613 2014 4 18 23 96 12 16 88Hugo
B 1748046415645 2016 4 1 85 90 3 12 58Abram
G 7776352179615 1996 9 27 12 9 91 65 98Adan
G 5735740584316 2003 4 1 42 61 74 24 90Khalil
B 2378937037133 2000 3 30 99 4 99 18 91Zaiden
G 8428648675771 2015 7 21 46 59 60 99 43Augustus
G 8763580107293 2018 10 21 58 64 47 91 69Marcos
B 6609932807552 2006 10 20 56 11 78 85 76Philip
G 5608903773534 2006 6 13 76 42 26 2 56Phillip
G 4813056509757 2019 7 15 29 14 49 27 41Cyrus
B 7965573603399 1993 11 22 12 79 64 89 69Esteban
B 2083608515963 2006 4 25 5 20 20 28 89Braylen
G 1523075445320 2007 3 16 13 57 57 31 32Albert
B 4118656946222 1991 7 6 81 9 100 38 68Bruce
G 8214380787990 2000 4 11 39 92 61 77 61Kamden
G 4873597864865 2003 7 12 49 47 34 60 28Lawson
B 3175250215038 1997 4 14 13 75 50 31 29Jamison
G 5337505028136 1993 7 9 17 1 40 28 98Sterling
B 2892389860257 1997 6 15 93 3 27 95 46Damon
B 4834150788742 1997 2 2 90 69 61 13 1Gunnar
G 2475707005434 1994 6 9 83 76 71 24 99Kyson
G 1473047709577 2005 5 19 70 14 99 45 60Luka
B 0650830226714 2011 3 16 3 74 54 95 28Franklin
G 8426871732201 1995 11 7 18 42 64 49 33Ezequiel
G 7363475692824 2001 2 9 56 45 45 25 79Pablo
B 1103589909283 1990 11 15 6 45 12 76 85Derrick
G 6874935628366 2006 7 6 88 44 42 40 89Zachariah
G 9722621594789 2019 3 23 43 13 8 32 49Cade
B 4109857845597 2015 11 14 42 50 35 85 27Jonas
G 6129810453282 1990 1 8 13 48 20 92 49Dexter
G 0550018581475 2011 5 21 62 18 66 40 2Kolton
B 3593215974542 1997 9 16 96 86 50 39 56Remy
B 5169972893111 2016 7 20 39 7 92 2 14Hank
G 1196721558910 2004 7 29 14 57 94 74 72Tate
B 1239306062643 2011 6 10 34 23 83 90 43Trenton
G 4906552265506 2018 2 19 15 14 97 27 66Kian
G 5196868859238 2009 2 27 29 62 91 25 42Drew
B 7791295390185 2007 7 28 71 39 87 26 3Mohamed
G 2585601368734 1996 4 16 98 69 17 19 45Dax
B 4395237767079 1996 4 11 23 75 36 29 15Rocco
B 8972109633618 1994 10 3 44 97 28 18 86Bowen
G 3265164423006 2009 5 9 1 83 17 86 94Mathias
G 3418153336353 1992 3 5 70 8 67 5 85Ronald
B 1520075531259 1998 9 7 71 97 94 4 68Francis
G 3044544150729 2017 9 24 59 80 70 87 76Matthias
G 4677210155376 2008 7 14 39 85 58 40 95Milan
B 0135701770419 2011 1 11 7 14 99 24 91Maximilian
G 2515684133867 2018 9 9 83 85 15 57 20Royce
G 8701626445298 2014 11 7 36 69 100 11 14Skyler
B 8552424503424 1991 2 11 25 2 82 3 94Corey
G 6015984739685 2004 7 28 30 19 12 3 23Kasen
G 2727828338106 2009 7 20 18 25 7 22 90Drake
B 5899197934503 1999 11 3 9 35 28 73 8Gerardo
B 6220891373548 1995 4 2 35 53 84 25 87Jayson
G 3113566811003 2017 7 22 53 10 27 70 35Sage
B 3017975158204 2005 11 1 56 12 22 81 38Braylon
G 9756229644409 1993 11 14 92 23 6 88 58Benson
G 8860794994929 2018 1 14 23 19 84 78 21Moses
B 8447346312240 1999 3 16 94 92 63 72 38Alijah
G 0843761936504 2000 3 14 66 46 7 27 58Rhys
B 6606434598696 2002 2 27 43 41 37 80 95Otto
B 3629051673783 2011 5 13 76 33 41 32 87Oakley
G 1739517336665 1993 4 8 5 8 53 27 32Armando
G 9811768250170 2006 6 5 87 6 40 66 22Jaime
B 4270681849518 2011 8 23 35 42 66 57 34Nixon
G 6893050105786 1996 7 14 19 4 12 61 36Saul
G 0060505036086 2007 7 22 80 95 55 27 14Scott
B 6345707938042 2016 3 11 12 10 69 31 39Brycen
G 2121649305798 2019 9 27 19 39 90 91 34Ariel
G 2934530998746 2008 2 27 59 87 21 33 26Enrique
B 6912179931774 1998 4 13 56 78 7 20 44Donald
G 2212784859181 1997 7 30 59 84 47 88 8Chandler
G 8550007642669 1990 4 14 10 9 86 90 72Asa
B 0701234716368 2018 5 15 36 73 34 21 3Eden
B 2863104451228 1999 4 20 10 89 75 75 68Davis
G 8688394095578 2000 5 9 28 4 56 40 41Keith
B 9037267991232 2019 3 10 81 66 84 95 64Frederick
G 3517155764546 2002 8 6 21 32 17 87 35Rowen
G 1777926432831 2006 1 2 42 62 44 46 97Lawrence
B 9300381132083 1998 6 4 21 38 56 15 32Leonidas
G 0718728599936 2014 1 10 14 4 92 4 65Aden
B 5820542509097 2011 11 13 22 41 14 36 17Julio
B 9684831076023 2006 8 16 99 73 32 62 1Darius
G 3194729736029 2013 4 9 7 48 7 53 97Johan
G 1076517243332 1999 10 11 17 59 44 8 10Deacon
B 5502781277071 2007 7 22 88 44 69 3 89Cason
G 8227753684117 2002 11 30 93 78 28 6 92Danny
G 1310248434927 2005 5 9 56 78 52 69 85Nikolai
B 7606255128444 2013 4 29 6 40 52 74 48Taylor
G 9975608715099 2006 3 3 91 75 59 80 89Alec
G 3044706257403 2013 3 10 19 29 77 46 54Royal
B 5560206907043 1991 4 8 2 69 93 15 42Armani
G 5400489627488 1990 4 23 15 88 61 15 46Kieran
G 4396843050883 2004 10 19 15 31 80 4 100Luciano
B 5014088209325 1991 8 1 71 40 53 42 45Omari
B 5234195654790 2018 5 12 61 5 17 98 89Rodrigo
G 6689067448830 2011 1 27 79 90 99 17 1Arjun
B 7232269115452 1994 9 4 75 70 100 98 99Ahmed
G 4752817011890 2019 1 12 34 27 53 47 22Brendan
G 0665536294918 2017 9 8 42 51 53 50 1Cullen
B 1143023845394 2012 2 18 41 13 85 50 29Raul
G 3377063880275 2006 8 21 38 36 91 98 93Raphael
B 7305297484313 1994 2 19 51 91 49 57 25Ronin
B 1858075855509 2014 4 16 16 38 32 62 11Brock
G 7154881165271 2013 2 25 70 53 17 65 60Pierce
G 6172536139282 2009 9 8 19 16 18 60 73Alonzo
B 5918116264018 1999 8 10 93 99 88 22 3Casey
G 0672520944938 1998 1 27 18 1 80 33 49Dillon
G 7496601936311 1992 8 29 89 40 16 100 56Uriel
B 4845591454051 1994 1 7 36 60 41 44 57Dustin
G 4799723786712 2019 11 8 21 68 50 27 24Gianni
G 1851482825193 2018 4 15 13 17 56 99 63Roland
B 7684485354348 1990 8 2 33 59 47 61 44Landyn
G 3726199007154 2006 7 18 66 44 60 51 22Kobe
G 8644750135408 1996 5 26 33 71 95 13 93Dorian
B 4612979208460 2003 5 18 23 88 78 10 64Emmitt
B 3126182323585 1997 6 28 85 45 23 74 95Ryland
G 3499371895656 2012 2 19 99 32 80 89 74Apollo
B 6901007111893 1998 2 21 9 42 68 26 51Aarav
G 4674551855440 1995 3 22 20 49 57 32 42Roy
G 8397864559069 1998 10 30 22 40 38 35 85Duke
B 5273226259111 2014 4 11 63 84 91 90 18Quentin
G 1803572281883 1993 11 28 17 19 19 69 37Sam
B 7373256859380 1994 7 15 41 38 13 35 45Lewis
B 7854261763383 1992 4 9 25 82 90 26 85Tony
G 6562357755403 2000 6 7 95 48 19 10 65Uriah
G 2446104520960 2010 11 9 17 62 23 7 27Dennis
B 3904125415234 2002 10 12 38 79 82 35 52Moshe
G 0087910651185 1995 5 9 66 87 74 90 86Isaias
G 1574661172212 2005 6 22 88 28 26 41 92Braden
B 0714217531886 2018 7 2 1 29 10 23 79Quinton
G 9398170306769 1993 6 6 71 96 23 47 47Cannon
G 1008890346431 2013 8 5 45 29 94 92 41Ayaan
B 7752168554387 2016 6 12 23 5 91 82 11Mathew
G 8742444397695 1996 8 13 40 28 67 83 32Kellan
G 0314484883287 1993 11 23 86 85 42 56 40Niko
B 3633421605400 2010 6 28 83 11 88 31 43Edison
B 3372051961445 1997 2 8 70 85 83 27 59Izaiah
G 1452130827916 2014 4 21 34 55 50 7 5Jerry
B 9565854469281 1994 9 25 43 8 90 98 37Gustavo
G 9414395770506 2016 8 22 40 29 16 36 72Jamari
G 3480655324882 2004 11 18 3 32 71 21 89Marvin
B 2107258852738 2014 8 10 87 92 5 30 99Mauricio
G 8772553524230 2010 5 5 84 7 12 8 7Ahmad
B 2284193083143 2004 2 15 99 95 45 12 24Mohammad
B 4945042218198 2012 2 20 74 70 99 68 82Justice
G 9142305937002 1991 9 3 43 92 84 92 46Trey
G 8632643241041 2007 11 20 63 19 55 53 44Elian
B 4601379555201 2003 6 28 66 89 5 5 41Mohammed
G 7137255885222 2004 3 7 24 44 91 62 88Sincere
G 1810095249046 2015 8 10 28 82 21 39 84Yusuf
B 0764025909755 2017 8 11 98 46 71 27 69Arturo
G 7053022508075 2000 7 17 63 50 8 64 17Callen
G 5483848765281 2018 3 1 90 50 82 12 56Rayan
B 8647122434774 2008 5 15 95 30 42 82 24Keaton
G 2499838871917 2007 1 23 94 40 36 79 14Wilder
G 4962368375412 1992 3 27 19 80 44 77 84Mekhi
B 0215604280665 1996 11 19 27 71 52 64 65Memphis
B 5808769769607 1999 5 15 42 43 78 62 18Cayson
G 5593586211244 1998 3 7 46 72 63 46 31Conrad
B 0380993055896 2018 7 18 57 84 28 57 68Kaison
G 9879585711143 2002 6 18 94 89 82 2 92Kyree
G 7682026824917 2004 10 21 40 19 66 22 70Soren
B 9892940867301 1999 3 18 88 32 4 7 51Colby
G 5092954400567 1995 7 20 89 66 79 99 19Bryant
B 6846101439629 2005 2 16 75 34 98 93 57Lucian
B 5104492847362 2018 11 23 82 69 80 25 66Alfredo
G 7701956600607 2017 11 18 37 49 62 9 63Cassius
G 8128389722523 2019 10 19 67 51 19 15 57Marcelo
B 5431612206971 2014 1 3 72 18 95 5 98Nikolas
G 6360662538953 2000 2 28 33 44 85 86 62Brennan
G 8564004428739 2017 9 17 94 76 63 35 87Darren
B 4941556658045 2012 2 25 34 54 43 60 96Jasiah
G 6800270857153 1997 10 19 58 61 17 70 62Jimmy
G 9407462256075 2004 3 6 21 78 91 72 7Lionel
B 6592473117040 2000 1 1 31 8 20 14 75Reece
G 5226426425625 2007 4 6 53 55 12 60 57Ty
G 1189557140522 1993 1 11 73 48 69 63 16Chris
B 5009462221135 2009 9 22 33 25 96 98 80Forrest
B 1226237583274 1994 9 27 80 10 20 91 94Korbin
G 6447836078418 2004 3 15 60 81 35 99 28Tatum
B 6775345034833 2018 6 29 32 64 9 49 36Jalen
G 5988773424312 2009 10 20 43 10 85 33 84Santino
G 7250093376002 2003 2 6 8 63 27 76 82Case
B 8928042910919 2015 11 26 78 79 62 27 3Leonard
G 4254231235349 1999 8 10 89 50 66 77 62Alvin
B 6386734744195 2001 2 24 14 6 75 24 86Issac
B 1875965045306 2001 6 29 32 89 9 60 39Bo
G 3337876247858 2012 2 2 19 6 48 57 70Quincy
G 5632426304230 2010 5 25 4 9 78 28 77Mack
B 1115967666972 2014 1 11 10 41 100 64 12Samson
G 5806359734645 2004 6 14 53 35 55 33 2Rex
G 1726979233404 2012 11 6 36 81 83 72 38Alberto
B 0453505055461 2001 4 6 98 1 52 61 63Callum
G 1085100050187 2002 11 21 63 19 40 81 46Curtis
G 2137507222856 2009 3 11 42 80 2 1 24Hezekiah
B 5279317169340 2009 11 16 47 33 68 77 3Finnley
G 7941931620888 2019 4 24 69 47 24 79 38Briggs
G 5345707852792 1991 11 8 73 50 73 64 46Kamari
B 0659409499893 2018 6 26 41 65 39 66 12Zeke
B 3797198669203 1997 3 12 36 26 50 59 18Raylan
G 5894001222259 2012 5 10 6 98 16 44 78Neil
B 5303972255585 1995 8 14 11 97 92 46 67Titan
G 0527373719742 1990 1 3 86 18 23 69 97Julien
G 2867410987754 1991 6 9 51 70 18 24 3Kellen
B 4825496933279 2009 4 16 55 17 100 25 36Devon
G 8272638551451 2018 2 11 41 35 18 12 51Kylan
B 9482764897054 2002 4 13 92 96 7 21 75Roger
B 1722299288389 1997 8 27 95 64 34 45 75Axton
G 8860927402239 2005 10 28 45 9 33 80 93Carl
G 9123158175218 2001 10 16 55 28 7 35 48Douglas
B 9532364028767 2013 7 16 48 61 69 23 80Larry
G 1033299099046 1992 3 23 79 52 60 38 62Crosby
G 8370076793349 2005 5 3 7 28 17 59 28Fletcher
B 7498195615195 2007 11 10 20 22 25 79 30Makai
G 3437158298009 2014 7 20 80 76 24 78 89Nelson
G 7856810520545 2000 10 21 79 18 81 97 12Hamza
B 3062732184295 1995 11 14 40 95 98 82 49Lance
G 2737248340638 2017 6 27 88 31 55 36 35Alden
G 8681206963557 1995 9 25 17 27 65 8 52Gary
B 0851045296789 1999 8 11 26 79 29 8 4Wilson
B 4758779241197 2013 7 7 6 25 69 4 48Alessandro
G 4304792631693 2012 8 26 57 73 27 48 87Ares
B 3724319630255 2012 10 20 67 37 55 75 65Kashton
G 1547909450651 2003 3 14 83 95 49 100 65Bruno
G 3099138286704 2016 11 15 36 48 40 21 12Jakob
B 4648595568042 2018 11 19 99 95 61 99 63Stetson
G 8277320267544 1991 4 29 35 16 41 53 18Zain
B 5237877378418 2010 4 20 33 73 59 88 96Cairo
B 7875474195775 1993 7 24 70 61 26 35 95Nathanael
G 6368321547951 2018 3 15 45 67 86 63 44Byron
G 8317648191309 2002 7 16 82 82 90 37 3Harry
B 7768273545944 2002 1 20 31 100 10 38 50Harley
G 3219419504224 2019 10 3 55 66 97 14 30Mitchell
G 3220781483455 1993 2 4 75 52 53 11 15Maurice
B 5554374046912 1994 9 17 61 7 73 39 97Orlando
G 1040611624504 1998 7 16 46 66 39 33 3Kingsley
G 7219137834392 1995 1 2 27 55 80 97 41Kaysen
B 6964953971900 1990 10 20 69 57 24 31 19Sylas
G 7274831182770 1996 1 12 81 59 1 42 35Trent
G 8696777001495 2000 9 22 53 61 78 87 18Ramon
B 1686761447881 2003 2 4 10 57 7 18 33Boston
B 5378100588413 2013 4 13 54 6 1 5 41Lucca
G 7555283613778 1996 1 24 1 96 51 33 76Noe
B 7590547339746 2008 9 4 42 24 28 96 10Jagger
G 6139454534019 1993 1 29 52 25 77 40 72Reyansh
G 4222010511135 2017 3 16 58 74 65 62 55Vihaan
B 2707281450792 2005 3 24 80 7 26 94 55Randy
G 5099401901867 2008 10 30 38 8 4 23 60Thaddeus
B 5959423523140 1994 10 27 26 1 22 79 8Lennon
B 1596953962312 2018 10 4 16 29 69 85 47Kannon
G 3052966773870 2019 3 29 32 59 84 9 87Kohen
G 7944806780815 2009 3 28 20 56 83 100 71Tristen
B 2797922012901 1994 1 30 56 31 40 77 20Valentino
G 5830655050397 2007 5 4 56 16 96 36 78Maxton
G 8604918732763 1995 9 15 4 22 86 45 12Salvador
B 2137106459463 1990 11 22 41 26 22 46 29Abdiel
G 8991106015282 2014 1 22 43 83 14 15 68Langston
G 4240796672621 2010 5 24 35 54 6 77 82Rohan
B 1678935362743 2008 7 21 29 16 93 39 30Kristopher
G 0525910323111 1994 5 29 76 27 54 54 31Yosef
G 5555399346340 2018 10 4 82 71 62 34 36Rayden
B 3458697477365 2009 3 9 35 36 59 99 16Lee
B 3570566888993 1996 4 30 12 60 62 40 49Callan
G 8605441059742 2011 5 11 55 56 78 68 24Tripp
B 8078486663331 2008 5 4 32 76 42 20 74Deandre
G 6784093690826 1995 6 23 17 88 22 66 34Joe
G 2338868863055 1997 3 24 46 8 2 41 97Morgan
B 2278765192650 2002 1 12 89 30 69 49 94Dariel
G 8959652484805 1998 5 5 93 15 26 5 2Colten
B 3380107981344 2009 2 7 29 30 7 56 55Reese
B 1777760620465 1993 1 9 17 64 95 20 43Jedidiah
G 4620479615735 1993 5 29 14 71 37 74 37Ricky
G 0752687115819 1993 5 20 53 96 4 10 67Bronson
B 8435478966972 2005 5 16 21 67 77 69 19Terry
G 2236369073328 1997 7 29 93 3 94 57 61Eddie
G 7200445759192 1997 6 16 18 54 27 8 31Jefferson
B 8478803024936 2005 10 1 16 62 52 56 4Lachlan
G 8145188039923 1990 9 29 29 46 57 85 42Layne
G 2697868474419 1992 7 18 18 86 99 26 66Clay
B 6707422787259 1993 10 12 23 72 87 59 75Madden
G 9461944234458 2008 10 15 91 89 42 20 48Jamir
G 0140907473252 2019 9 24 18 1 80 12 75Tomas
B 8331153150413 2001 6 15 53 17 61 35 57Kareem
B 5818584542869 2005 2 3 25 20 43 91 85Stanley
G 3039072586051 1993 9 16 63 96 81 6 37Brayan
B 9406372692343 2016 9 26 50 32 35 61 70Amos
G 8335213337602 2006 2 20 20 10 77 29 59Kase
G 5248274125978 2011 8 6 48 53 84 84 90Kristian
B 4759013472364 2010 10 3 20 97 58 71 70Clyde
G 9786631391245 2000 9 28 39 40 93 15 30Ernesto
B 0807423329218 2006 1 10 79 11 9 92 22Tommy
B 6667862650389 2016 7 24 15 66 24 18 65Casen
G 2585845916246 2008 10 17 32 29 37 28 96Ford
G 3695088905392 2001 10 25 82 65 92 100 11Crew
B 8066643875255 2006 1 2 63 3 68 95 48Braydon
G 0066602964756 2004 4 20 10 90 55 45 58Brecken
G 5718310164267 2011 11 22 84 79 19 26 43Hassan
B 9426462510704 2009 5 2 17 89 36 31 92Axl
G 7016336519653 2003 5 7 97 88 81 56 44Boone
G 9359328786918 2017 7 1 58 77 44 30 37Leandro
B 0083796921524 1998 6 9 15 94 12 50 78Samir
G 0279940679788 1993 1 1 79 64 28 96 88Jaziel
G 3233457213933 2018 9 14 91 21 49 40 7Magnus
B 0499345317970 2007 8 22 99 66 81 38 33Abdullah
B 0631543904640 2009 8 20 90 35 86 48 79Yousef
G 0472182806385 2001 8 28 36 28 45 30 47Branson
B 6501747394049 2014 4 12 10 97 45 20 90Jadiel
G 1392964443994 1990 7 3 20 33 14 93 18Jaxen
G 4371999592462 2018 3 24 30 4 50 46 63Layton
B 8841304102229 2013 2 7 6 11 80 33 63Franco
G 6308308926696 2001 7 29 77 23 68 77 35Ben
B 6552367301695 2003 3 23 30 47 39 35 61Grey
B 1634073846166 2014 11 27 85 9 50 17 61Kelvin
G 1228498952798 2018 11 11 3 81 27 48 34Chaim
G 9252739071917 2006 6 20 80 92 72 9 46Demetrius
B 0851079834599 2004 7 11 8 92 12 99 90Blaine
G 2450639301237 2011 3 5 82 74 51 97 72Ridge
G 4541379149497 2007 4 10 83 79 4 41 34Colson
B 2525060644896 2017 5 18 47 69 20 42 78Melvin
G 0468209906245 2007 10 28 66 73 5 36 84Anakin
G 8029469236898 2011 1 22 98 51 20 13 11Aryan
B 1054890032711 1992 2 12 35 41 54 8 7Lochlan
G 5217061521347 2006 8 14 56 66 61 27 71Jon
G 9627919389044 1995 9 27 4 99 78 48 52Canaan
B 4541864910886 2006 9 7 24 76 28 13 48Dash
B 6964757756815 2000 2 2 94 23 76 5 25Zechariah
G 3092009140321 2012 9 1 72 59 20 56 25Alonso
B 4826406835962 2014 2 3 18 16 60 65 10Otis
G 7033319465739 2004 7 5 88 68 16 23 85Zaire
G 6574691115162 1993 5 8 76 15 7 25 94Marcel
B 6780623323011 2007 3 1 58 2 27 19 25Brett
G 2051486148700 1992 6 18 78 95 69 50 23Stefan
B 8067375163470 2012 1 17 77 3 20 44 94Aldo
B 6378257262003 2010 10 2 85 29 42 10 1Jeffery
G 8757646624172 1999 7 28 73 20 86 53 32Baylor
G 6378035528130 2002 5 9 21 33 45 19 14Talon
B 1217375011849 2008 7 30 4 53 46 84 34Dominik
G 0192060920937 1999 8 26 36 11 55 82 92Flynn
G 2267727376090 2017 8 20 87 56 29 98 57Carmelo
B 5364401082679 2002 3 1 69 82 49 1 87Dane
G 3456492064305 1996 9 29 43 30 15 95 85Jamal
G 3469534160609 1990 8 15 100 27 76 5 42Kole
B 6836171603487 2010 5 14 13 72 32 91 35Enoch
G 2880495126441 1991 7 14 14 57 23 54 33Graysen
G 4188358990716 1995 10 30 13 56 98 73 18Kye
B 5283089525785 2016 7 6 94 86 63 30 17Vicente
B 0208309459862 1992 8 3 37 42 14 75 14Fisher
G 3602265338999 2019 3 21 87 87 62 94 56Ray
B 3772412958990 2014 8 22 22 76 22 68 69Fox
G 5689651440058 2011 11 1 72 35 55 44 30Jamie
G 6306022328821 1996 10 25 22 10 2 4 65Rey
B 5854250857117 1990 11 28 92 98 40 93 26Zaid
G 1368020146912 2012 3 25 10 72 68 57 94Allan
B 0939313075712 2000 5 18 36 16 99 20 14Emery
B 4643740980357 2016 5 8 66 74 98 49 25Gannon
G 0609811809990 2004 3 27 1 30 59 3 9Joziah
G 0632946331957 2011 7 24 84 35 49 29 27Rodney
B 9151383582035 2014 5 25 16 96 36 43 76Juelz
G 7793045741292 2004 6 22 13 87 29 17 97Sonny
G 2017208389014 2010 8 3 69 27 97 37 52Terrance
B 1335193294898 2013 7 27 24 66 77 1 31Zyaire
G 8411954371316 1992 7 6 13 98 94 97 79Augustine
G 8257650591047 2006 4 6 65 69 43 82 74Cory
B 8165096385094 2019 7 13 20 33 83 83 70Felipe
G 9222760178126 1999 1 21 76 10 40 74 73Aron
G 9100357946776 2008 10 7 47 48 67 7 26Jacoby
B 9448543533182 2018 11 24 38 94 63 15 40Harlan
B 7911255435485 2002 9 18 49 9 6 62 100Marc
G 2180269935441 2008 4 12 7 63 32 66 80Bobby
B 1198499947338 2010 7 3 40 82 76 89 90Joey
G 8349172896693 2016 3 13 20 18 57 53 65Anson
G 2754014049841 1995 11 30 68 56 58 35 18Huxley
B 0033286663826 2004 11 24 19 76 35 68 7Marlon
G 5106336496532 2001 9 7 24 47 15 18 92Anders
B 8636773152147 2006 9 9 57 34 49 9 56Guillermo
B 8784708147177 2017 8 8 28 69 23 91 20Payton
G 9735483214414 1997 9 26 58 91 26 26 75Castiel
G 2312449782220 2013 8 14 39 37 20 90 10Damari
B 5186247229642 1999 7 19 36 81 95 97 62Shepherd
G 2167228610982 1995 10 21 48 58 38 78 50Azariah
G 2942211587311 1991 10 2 2 23 3 12 31Harold
B 7903818626425 2001 7 28 99 38 67 85 3Harper
G 7765795972629 2003 8 20 91 23 79 40 9Henrik
G 2328894006173 2014 5 9 78 23 98 87 41Houston
B 2570161756860 1999 5 20 88 60 95 83 44Kairo
G 2009439468604 2014 11 3 37 4 83 81 90Willie
G 2051735142919 2002 8 11 96 85 24 12 41Elisha
B 3599217094165 1990 9 7 15 62 15 33 43Ameer
B 6495312814753 1991 6 25 13 50 62 28 2Emory
G 9401027542929 2013 1 7 63 34 57 17 34Skylar
B 4885391283216 2019 9 29 39 28 72 74 66Sutton
G 0702141234777 2000 3 4 77 38 62 39 70Alfonso
G 7371585511286 2017 3 3 31 5 74 38 62Brentley
B 8532980130223 2018 9 15 1 82 66 30 92Toby
G 3536416019135 1995 7 30 10 2 46 53 90Blaze
B 3367547689047 2017 3 7 30 75 98 84 92Eugene
B 3429271204096 1993 7 28 24 4 70 78 5Shiloh
G 4487629291213 2011 9 6 99 36 81 43 56Wayne
G 0631849948831 1994 10 12 34 22 67 50 48Darian
B 9797151447026 2012 4 27 90 45 34 53 91Gordon
G 7883532173641 2008 8 12 17 15 49 37 44London
G 7245053856795 1992 4 22 52 79 16 12 81Bodie
B 4493316146007 1991 2 12 60 84 86 3 90Jordy
G 8246813055266 2010 11 7 96 40 75 23 18Jermaine
G 6221271918668 1998 8 19 69 30 7 3 29Denver
B 5505143809683 2004 11 28 92 80 62 4 8Gerald
G 8973886053086 2019 7 26 15 84 79 78 84Merrick
G 6866839269489 2006 11 29 52 35 7 32 27Musa
B 3501008073939 2006 6 25 26 44 34 2 37Vincenzo
B 6817556699174 2010 2 20 3 92 74 95 80Kody
G 2546608504123 1999 4 14 49 22 6 60 28Yahir
B 5263610277444 2017 5 18 32 85 15 38 63Brodie
G 0277964835659 2015 1 29 27 33 76 5 31Trace
G 0720859812056 2014 8 29 23 83 85 93 83Darwin
B 7907942854538 2019 11 19 72 42 76 9 52Tadeo
G 4501453901060 2002 7 29 8 24 38 25 69Bentlee
B 8633454059191 1992 11 11 59 19 19 62 97Billy
B 3057635390911 2005 2 5 55 42 37 84 43Hugh
G 9839627366437 1991 1 29 62 47 86 94 81Reginald
G 2181616715417 2000 5 19 98 63 63 45 96Vance
B 1928935235828 2017 9 7 2 54 94 73 72Westin
G 4884004828863 1997 9 15 87 39 80 52 58Cain
G 2371138484676 1994 8 23 75 62 56 21 98Arian
B 8193041475865 1993 7 28 87 71 32 60 23Dayton
G 2670501254346 2016 8 22 54 49 35 79 38Javion
G 4176333180406 2013 6 13 99 79 40 41 43Terrence
B 6457784506919 1996 2 8 9 45 36 93 21Brysen
G 0802022042039 2006 11 12 34 68 94 73 30Jaxxon
G 7856572089285 2001 10 30 16 92 81 66 10Thatcher
B 0592146187968 2005 6 28 83 67 89 89 62Landry
B 7834083614956 2009 3 6 17 62 55 55 97Rene
G 8132091544828 2016 7 27 39 78 52 85 62Westley
B 9856602688506 1999 2 26 76 67 59 70 7Miller
G 5868260509475 1994 4 28 69 48 62 79 74Alvaro
G 8086748368570 2008 8 16 21 13 92 51 48Cristiano
B 0100079443523 2019 3 18 44 53 35 17 57Eliseo
G 8462030137449 2017 7 6 53 33 29 20 18Ephraim
B 2105243655994 2019 1 7 94 93 9 74 10Adrien
B 2571284426590 2003 1 30 98 80 47 50 94Jerome
G 5467459659253 1993 9 3 94 57 64 68 71Khalid
G 5474956345532 2012 7 13 25 82 78 94 56Aydin
B 9945544432463 2000 1 25 5 21 9 42 20Mayson
G 3650535347459 2007 1 16 72 37 20 67 62Alfred
G 9634821219579 1990 4 14 51 15 45 18 52Duncan
B 4203579235937 2002 6 5 48 5 2 63 40Junior
G 8283323517112 2013 5 19 97 86 45 52 25Kendall
G 6058090322689 2000 5 21 91 80 13 76 31Zavier
B 2214548959561 2005 10 17 25 26 12 21 26Koda
G 8129434139691 2018 3 16 20 54 14 99 4Maison
G 1917499224236 2005 1 7 93 15 38 24 49Caspian
B 9382461641197 1995 9 10 36 2 84 91 83Maxim
B 2377039300739 2007 3 16 46 71 89 36 30Kace
G 5155297744178 2013 8 24 49 98 53 41 6Zackary
B 5791307611965 1996 6 19 41 9 48 51 24Rudy
G 5466963900131 2003 1 21 19 21 90 64 12Coleman
G 3623911567404 2017 10 15 38 70 6 29 18Keagan
B 8386114363980 2010 9 6 100 35 8 28 70Kolten
G 2756659713161 2001 1 13 83 77 6 10 18Maximo
B 1485890952783 1995 6 17 39 34 60 49 15Dario
B 1610469788120 2013 2 5 70 25 56 21 52Davion
G 5149247584749 1992 2 3 29 98 49 95 9Kalel
G 7699575164178 2014 2 24 74 4 95 34 8Briar
B 7857368886522 1995 10 27 83 48 47 93 81Jairo
G 7504945973764 2013 8 26 87 55 32 95 70Misael
G 5951386814900 2003 7 24 96 7 48 61 96Rogelio
B 1407173589829 1993 2 7 2 75 84 17 84Terrell
G 8463306146356 2001 8 25 2 31 62 86 31Heath
G 0118649413504 2017 4 18 81 80 78 93 65Micheal
B 4316588773058 1996 9 8 52 44 46 53 7Wesson
G 0272300107067 2005 1 10 17 41 43 92 35Aaden
G 6549698840125 2017 10 4 58 20 77 9 49Brixton
B 2710151004349 2013 9 23 89 16 38 31 83Draven
B 8357021937091 1994 9 28 28 77 70 85 35Xzavier
G 4160764456997 1991 10 4 17 67 24 94 68Darrell
B 1487631605574 1994 9 18 57 94 96 74 50Keanu
G 0285023482928 1996 5 3 100 97 45 53 33Ronnie
G 7322652702254 2012 6 5 70 59 77 49 27Konnor
B 8527475437112 1994 10 16 19 23 47 21 98Will
G 1611860940888 1992 11 21 82 60 73 39 71Dangelo
B 6529998237151 1997 8 4 70 5 85 98 72Frankie
B 4106784797126 1994 11 6 30 40 10 22 69Kamryn
G 8668799702794 2009 3 14 7 79 42 59 25Salvatore
G 6697731275526 1993 3 23 14 88 32 49 89Santana
B 9379844034108 2018 2 12 35 83 19 92 10Shaun
G 3628461482257 2008 9 26 6 50 18 16 68Coen
G 9031099255164 2005 5 28 84 58 64 3 97Leighton
B 0698977954417 2004 9 11 13 41 81 7 52Mustafa
G 0880090529535 1997 11 25 64 92 36 80 8Reuben
G 8563391886830 1995 9 19 74 2 5 84 86Ayan
B 3983787377137 1999 6 6 21 8 69 48 1Blaise
G 1363705815869 1994 6 17 26 1 15 86 32Dimitri
G 2054770383669 2003 5 18 52 94 35 62 22Keenan
B 9691288936477 1996 7 26 90 2 93 69 54Van
B 9139125797162 1994 1 11 85 35 59 49 7Achilles
G 3427946792377 2001 6 30 4 93 26 100 90Channing
B 4857203232168 2014 1 15 55 77 71 89 47Ishaan
G 6406184333976 1999 6 1 90 61 94 74 20Wells
G 4069586154683 2013 10 10 51 86 56 82 92Benton
B 0442367719965 2012 3 11 59 52 4 15 35Lamar
G 8543623638042 1996 1 14 87 73 45 20 67Nova
B 0193399745349 1991 1 17 22 80 75 8 27Yahya
B 0847607191257 2003 3 20 22 74 14 71 37Dilan
G 0287018111015 1992 11 13 24 85 92 12 75Gibson
G 6420589790350 2007 5 20 71 15 87 93 2Camdyn
B 5283185666292 2004 10 17 11 2 14 25 59Ulises
G 1166258703533 1990 3 14 64 78 64 16 27Alexzander
G 0960523713516 1990 3 21 81 20 3 58 90Valentin
B 5062966642875 2010 4 9 81 74 38 73 85Shepard
G 4433329876759 2018 3 7 41 68 42 73 96Alistair
G 1458725947654 2018 8 19 84 94 83 12 92Eason
B 8155363059694 2008 11 27 87 20 77 68 54Kaiser
G 0812639929875 2000 2 30 75 84 12 16 10Leroy
G 7895664808184 2016 8 18 85 57 33 23 78Zayd
B 4189323431761 2000 2 13 5 98 48 81 22Camilo
B 3903590994497 2005 1 17 16 3 92 42 53Markus
G 0566321066810 2010 10 5 84 2 45 26 24Foster
B 2897107144536 2019 7 4 10 70 75 66 57Davian
G 6451858671641 2000 9 11 8 68 87 75 92Dwayne
G 3676343682442 2017 5 14 36 41 2 56 53Jabari
B 9445879408251 2009 10 29 59 13 95 59 53Judson
G 6546002293015 2006 5 27 83 91 91 77 95Koa
B 1264001025928 2005 7 17 66 40 8 35 14Yehuda
B 4987712462661 2013 6 29 63 37 48 59 72Lyric
G 4704130896759 2008 9 15 73 18 24 51 68Tristian
G 2306343696341 1994 11 15 40 41 7 32 64Agustin
B 7248195036621 1994 8 12 99 4 40 51 94Bridger
G 9813954924512 2005 5 16 56 89 45 81 2Vivaan
G 1939693530608 2016 9 5 23 92 16 85 73Brayson
B 7422131534421 2012 4 8 97 63 31 29 39Emmet
G 7388334297697 2009 2 22 1 84 35 68 17Marley
G 2250154398200 2018 8 23 77 25 71 2 100Mike
B 3889574858503 2013 10 26 22 43 47 16 82Nickolas
G 8566274643110 2009 7 1 6 39 70 6 75Kenny
G 3430018891560 2019 1 17 36 95 32 3 95Leif
B 3060028291028 2000 7 19 94 63 13 55 19Bjorn
B 4630193182705 2014 10 16 62 64 29 2 11Ignacio
G 9985628728428 2016 2 17 9 68 7 20 95Rocky
B 4156254677892 2001 9 21 57 77 81 99 37Chad
G 2787961337471 2017 11 27 10 72 97 14 17Gatlin
G 8573432780281 1991 8 4 12 91 80 61 46Greysen
B 5856524755013 2013 6 15 28 59 75 17 46Kyng
G 6889383920713 1997 1 12 61 55 40 19 54Randall
B 6534435073113 2019 11 30 20 70 77 70 22Reign
B 0000359063364 1995 8 29 36 36 33 79 62Vaughn
G 1581954431092 1997 1 23 43 86 25 21 60Jessie
G 4993462603686 2009 11 13 84 77 70 79 24Louie
B 6673666897360 2015 5 27 18 5 44 22 34Shmuel
G 3210721593665 1995 6 25 90 90 30 42 56Zahir
G 4568093752495 2016 9 6 41 67 87 99 34Ernest
B 7332034353212 2006 3 11 14 2 78 88 82Javon
G 3870966418273 2019 7 11 7 83 57 57 41Khari
G 6692136695466 2004 6 3 12 84 6 80 61Reagan
B 7593189756202 1994 5 10 64 80 20 93 21Avi
G 8623351349773 2013 7 11 53 18 89 16 51Ira
G 2756914233438 2000 10 28 27 31 88 40 8Ledger
B 7171956852064 2011 1 15 4 41 46 100 73Simeon
B 5532858272530 2003 7 2 3 30 58 44 56Yadiel
G 4997252578075 2014 9 4 100 47 24 76 89Maddux
B 6606369347645 2000 1 10 28 4 87 75 19Seamus
G 1212384297782 2012 5 30 35 63 99 37 68Jad
G 1536361910868 2001 8 25 62 77 49 77 92Jeremias
B 8293050904403 2008 6 16 91 41 89 96 15Kylen
G 5096673156537 2000 10 4 94 90 67 95 38Rashad
B 5549961416361 1997 6 18 54 43 33 34 60Santos
B 7808923449441 1992 7 2 61 43 32 80 82Cedric
G 3807807511146 2006 2 6 91 99 2 32 6Craig
G 9365618752042 2009 8 9 77 90 95 28 49Dominique
B 1276370418858 2003 9 2 19 95 99 78 75Gianluca
G 1059026463903 2003 2 12 27 88 63 40 24Jovanni
G 6229604189493 2009 11 2 96 30 43 40 11Bishop
B 1151222057186 2005 9 25 70 39 13 26 74Brenden
G 9675105461428 1994 1 28 18 27 99 25 86Anton
G 7525681207119 2018 9 21 80 76 98 82 77Camron
B 2554193402613 1993 4 4 53 22 71 51 12Giancarlo
G 8728435737010 2001 2 17 4 39 52 54 6Lyle
G 3064115558344 2008 6 19 77 48 44 31 54Alaric
B 3543836712430 1990 11 5 94 46 60 66 34Decker
B 9643738164696 2017 6 22 27 94 62 45 92Eliezer
G 3419398206302 2010 8 26 24 50 81 31 95Ramiro
B 8378657500640 1990 8 4 97 79 6 32 85Yisroel
G 4557329667535 2004 11 22 98 72 86 34 62Howard
G 3893672432040 2010 6 7 65 52 21 74 53Jaxx
B 9251907855054 1993 6 18 24 41 49 57 31